-1398
-744
-380
-824
-1386
-776
-2590
-1072
-748
-1774
-3012
-1884
-1524
-1830
-2548
-2484
-2160
-1580
-440
-586
-298
-1758
-1462
-3054
-2904
-2232
-1638
-3088
-1596
-770
-1698
-1968
-2170
-1096
-2622
-2410
-1720
-2522
-1172
-2100
-1090
-1952
-2030
-1608
-2548
-1838
-2152
-640
-612
-1372
-1034
-1362
-2732
-1464
-158
-2190
-2494
-2232
-1996
-946
-848
-1188
-2190
-1038
-2334
-616
-1036
-2082
-96
-2622
-976
-1240
-2658
-1852
-576
-1586
-2424
-1662
-564
-606
-1954
-70
-2172
-2104
-1836
-2338
-2568
-1466
-2734
-2318
-2512
-2984
-1680
-1674
-1030
-2708
-812
-1998
-2486
-1132
-1708
-634
-2342
-3188
-1836
-2564
-3214
-1312
-1528
-1140
-1742
-1204
-1300
-2280
-410
-850
-1700
-770
-1874
-1528
-2028
-2076
-2052
-1956
-1220
-2132
-2094
-2504
-822
-1530
-2276
-124
-2728
-1890
-2528
-2738
-3340
-1294
-3092
-372
-1968
-312
-1142
-2072
-1814
-958
-2832
-696
-1424
-342
-2952
-522
-1170
-706
-1472
-964
-2916
-1518
-2554
-808
-1800
-2066
-980
-1190
-2422
-3242
-3018
-1698
-2654
-2970
-1808
-556
-1340
-100
-2678
-2420
-698
-1400
-2368
-856
-3274
-1132
-2656
-1000
-1640
-692
-1764
-1156
-1934
-1626
-2368
-212
-2540
-1436
-2524
-1410
-1464
-1558
-2000
-2582
-2034
-1318
-1936
-1462
-276
-1790
-156
-1166
-1936
-1526
-2426
-2364
-1576
-972
-840
-1194
-1640
-2024
-1938
-2214
-1486
-2624
-1606
-1746
-1692
-2420
-1788
-2174
-652
-2244
-2008
-2090
-3152
-1434
-1330
-1892
-1134
-1376
-1212
-2370
-1866
-464
-1012
-1866
-620
-246
-90
-2734
-476
-2742
-2104
-2234
-2618
-2290
-2232
-1700
-672
-1730
-1562
-1704
-2154
-1274
-2258
-1422
-674
-1036
-308
-1470
-2762
-1152
-1084
-1384
-582
-1138
-1018
-1860
-1688
-562
-322
-1308
-748
-1290
-1576
-844
-2210
-666
-1352
-2406
-1318
-1712
-2414
-444
-2708
-1872
-2562
-2728
-618
-1154
-962
-890
-2114
-2366
-2340
-1148
-1778
-2582
-2318
-1658
-2070
-2540
-2100
-592
-2122
-1680
-1372
-478
-1534
-3228
-1754
-2824
-1382
-2036
-2706
-378
-1690
-2292
-354
-2198
-626
-1418
-2012
-2236
-1162
-1768
-1892
-1684
-1860
-314
-1406
-2510
-2430
-1184
-1596
-2824
-1384
-1068
-850
-1068
-810
-2284
-878
-3034
-1660
-934
-2614
-2830
-2932
-2296
-2584
-2680
-638
-742
-1676
-260
-2192
-2348
-2172
-2938
-2574
-216
-712
-762
-1632
-524
-1314
-1226
-856
-1300
-1092
-1448
-1034
-40
-654
-694
-250
-668
-482
-272
-1022
-1298
-356
-216
-664
-246
-386
-228
-438
-600
-860
-208
-1396
-732
-672
-450
-426
-1150
-828
-744
-608
-252
-1056
-1460
-892
-580
-608
-1884
-1822
-762
-1394
-1376
-620
-850
-778
-208
-230
-2262
-966
-1806
-2158
-1274
-98
-2730
-2540
-744
-360
-1696
-570
-1948
-356
-458
-768
-1504
-474
-1888
-542
-734
-750
-1116
-1416
-1044
-1434
-1218
-1846
-1094
-368
-1264
-1450
-1532
-438
-836
-488
-1258
-1164
-1868
-260
-598
-1386
-574
-484
-1242
-274
-616
-570
-904
-1244
-296
-1344
-1118
-884
-540
-280
-300
-232
-1104
-854
-118
-752
-344
-846
-466
-1074
-1224
-410
-330
-458
-824
-818
-524
-224
-1132
-870
-856
-292
-268
-826
-540
-744
-142
-22
-2
38
24
-102
262
